[-0.809  -1.6542 -2.5752 -3.4986 -4.4346 -5.3632 -6.2682 -7.1458 -8.033
 -8.903  -8.9664 -9.0078 -8.9542 -8.907  -8.844  -8.7918 -8.7512 -8.7512
 -8.7406 -8.7602 -8.7612 -8.7596 -8.77   -8.7732 -8.798  -8.806  -8.8204
 -8.8204 -8.8256 -8.8254 -8.8266 -8.8122 -8.828  -8.8238 -8.8088 -8.799
 -8.7948 -8.7884 -8.7934 -8.7866 -8.7826 -8.7892 -8.769  -8.7696 -8.7584
 -8.764  -8.7722 -8.7794 -8.7804 -8.791  -8.8086 -8.8068 -8.8242 -8.8534
 -8.8904 -8.9228 -8.9572 -8.9984 -9.023  -9.0536 -9.0846 -9.1268 -9.1368
 -9.1272 -9.1238 -9.13   -9.134  -9.1182 -9.1266 -9.1236 -9.1192 -9.1204
 -9.1386 -9.1564 -9.166  -9.1798 -9.1808 -9.1902 -9.1964 -9.1952 -9.1968
 -9.198  -9.1962 -9.1994 -9.1966 -9.1834 -9.1786 -9.1878 -9.1756 -9.172
 -9.1668 -9.1638 -9.1632 -9.1574 -9.1592 -9.1574 -9.1458 -9.1354 -9.1422
 -9.1374 -9.1466 -9.1474 -9.1532 -9.1546 -9.164  -9.1606 -9.1624 -9.1658
 -9.165  -9.1812 -9.1928 -9.1974 -9.1858 -9.194  -9.1946 -9.1958 -9.2044
 -9.2136 -9.2184 -9.2056 -9.1924 -9.1892 -9.1986 -9.1948 -9.193  -9.1962
 -9.2114 -9.2186 -9.2024 -9.2056 -9.2278 -9.2322 -9.2334 -9.2368 -9.2312
 -9.2352 -9.2184 -9.2076 -9.219  -9.2184 -9.2042 -9.2026 -9.2024 -9.1924
 -9.1998 -9.194  -9.1954 -9.1918 -9.192  -9.1926 -9.1932 -9.1924 -9.1886
 -9.191  -9.1788 -9.1832 -9.1842 -9.1842 -9.171  -9.171  -9.1666 -9.164
 -9.156  -9.165  -9.174  -9.1724 -9.1712 -9.173  -9.1916 -9.196  -9.1924
 -9.1928 -9.2012 -9.1994 -9.1984 -9.198  -9.2014 -9.2084 -9.2066 -9.2024
 -9.2014 -9.204  -9.206  -9.2108 -9.2112 -9.223  -9.2138 -9.214  -9.2116
 -9.2156 -9.2168 -9.1998 -9.1942 -9.1892 -9.1882 -9.177  -9.1866 -9.1714
 -9.1636 -9.1604 -9.1562 -9.1642 -9.1704 -9.1796 -9.1834 -9.1818 -9.1862
 -9.2046 -9.2012 -9.1952 -9.2022 -9.2142 -9.2064 -9.1984 -9.1938 -9.1978
 -9.1854 -9.1692 -9.176  -9.184  -9.1792 -9.1772 -9.1796 -9.1782 -9.183
 -9.1834 -9.189  -9.2184 -9.2228 -9.221  -9.2232 -9.2182 -9.216  -9.2088
 -9.199  -9.1932 -9.1976 -9.1738 -9.1758 -9.1714 -9.1572 -9.153  -9.1594
 -9.1678 -9.1816 -9.1908 -9.1938 -9.1888 -9.1732 -9.1706 -9.1808 -9.1874
 -9.176  -9.1796 -9.1778 -9.1732 -9.1816 -9.184  -9.189  -9.1948 -9.213
 -9.2132 -9.2232 -9.215  -9.2152 -9.2114 -9.1946 -9.1896 -9.1902 -9.2036
 -9.1936 -9.1904 -9.1818 -9.1866 -9.1788 -9.1868 -9.1936 -9.2012 -9.207
 -9.1898 -9.1786 -9.1786 -9.1888 -9.191  -9.1924 -9.186  -9.1794 -9.18
 -9.1856 -9.203  -9.2182 -9.2186 -9.2192 -9.2194 -9.2196 -9.2128 -9.2188
 -9.2244 -9.21   -9.2034 -9.1882 -9.181  -9.1726 -9.1684 -9.172  -9.1756
 -9.1714 -9.1604 -9.1586 -9.1492 -9.1522 -9.1558 -9.1628 -9.157  -9.1556
 -9.1566 -9.1568 -9.1606 -9.1668 -9.1606 -9.1708 -9.174  -9.1716 -9.1778
 -9.1808 -9.1906 -9.2    -9.2006 -9.21   -9.224  -9.2192 -9.2032 -9.2148
 -9.2166 -9.2094 -9.205  -9.182  -9.1868 -9.1818 -9.1844 -9.1794 -9.1906
 -9.1806 -9.1796 -9.1836 -9.1806 -9.1908 -9.1794 -9.173  -9.1678 -9.174
 -9.183  -9.1862 -9.1808 -9.172  -9.1668 -9.1746 -9.1798 -9.1818 -9.1846
 -9.1768 -9.1686 -9.1666 -9.1702 -9.179  -9.1842 -9.1794 -9.178  -9.191
 -9.1712 -9.1736 -9.183  -9.186  -9.1878 -9.1894 -9.1876 -9.1902 -9.1902
 -9.174  -9.1854 -9.1956 -9.1848 -9.1792 -9.177  -9.187  -9.1762 -9.1698
 -9.1782 -9.1822 -9.183  -9.177  -9.186  -9.2016 -9.2074 -9.185  -9.2034
 -9.207  -9.1974 -9.1952 -9.2004 -9.1862 -9.186  -9.1648 -9.1728 -9.1764
 -9.151  -9.169  -9.1718 -9.184  -9.1912 -9.1912 -9.1852 -9.1886 -9.1696
 -9.19   -9.2052 -9.1852 -9.1824 -9.1618 -9.146  -9.1636 -9.1638 -9.1738
 -9.1752 -9.1536 -9.1564 -9.1502 -9.1474 -9.1634 -9.162  -9.1508 -9.1646
 -9.1536 -9.1482 -9.1522 -9.1504 -9.1514 -9.1624 -9.1584 -9.168  -9.1772
 -9.1562 -9.1728 -9.1786 -9.1884 -9.182  -9.1892 -9.1868 -9.2018 -9.1988
 -9.1902 -9.1962 -9.1966 -9.2058 -9.1846 -9.1924 -9.1904 -9.1882 -9.1728
 -9.171  -9.1726 -9.1742 -9.1526 -9.1506 -9.159  -9.1632 -9.1688 -9.1618
 -9.1678 -9.1714 -9.1626 -9.1638 -9.1706 -9.1658 -9.1684 -9.157  -9.1452
 -9.1456 -9.1378 -9.1312 -9.1406 -9.1444 -9.147  -9.1536 -9.1516 -9.162
 -9.1818 -9.1928 -9.1938 -9.2002 -9.1994 -9.1996 -9.2022 -9.2028 -9.2134
 -9.2152 -9.197  -9.1926 -9.196  -9.1994] [0.0116619  0.0428411  0.07055324 0.15222431 0.23002661 0.29390026
 0.37237476 0.46149124 0.55322581 0.64250759 0.74441107 0.85368833
 0.87844258 0.90723779 0.94655502 0.98599684 1.01857104 1.01903236
 1.02805478 1.01158814 1.00993136 1.01186137 1.00413804 1.00015627
 0.97971077 0.97455528 0.96259121 0.96167907 0.95659325 0.9538649
 0.95341147 0.96562817 0.95253241 0.95673578 0.97042885 0.97941779
 0.9815672  0.9888629  0.98162918 0.98897312 0.99177893 0.98656523
 1.00293828 1.0026542  1.01229968 1.00817161 1.00165152 0.99612401
 0.9976694  0.98832019 0.97159284 0.97024892 0.95602854 0.93338408
 0.91192754 0.90121638 0.89334011 0.89194498 0.91486174 0.91946541
 0.92636442 0.92881568 0.95855462 0.98145716 0.96683968 0.95092271
 0.93899776 0.95161934 0.94522751 0.95304598 0.96174911 0.96242082
 0.95836123 0.96441954 0.97479865 0.97100389 0.982629   0.98225178
 0.97520349 0.97679914 0.97068623 0.97129542 0.97264246 0.96849421
 0.97351581 0.98984213 0.99552611 0.98443901 0.9964731  1.00082906
 1.01359822 1.01680271 1.01631873 1.02160278 1.01859107 1.02021049
 1.03242712 1.0464547  1.04020044 1.04504423 1.03226714 1.02980612
 1.02169925 1.02204004 1.01144352 1.01488238 1.01298975 1.00788896
 1.00961973 0.99061504 0.97598143 0.97308203 0.98871945 0.97862168
 0.97744516 0.97678665 0.96747932 0.95709155 0.95095039 0.9666978
 0.98340523 0.98772778 0.97583126 0.97808045 0.98061899 0.9755469
 0.95646675 0.94768277 0.96769429 0.96478735 0.93797556 0.93224662
 0.93204154 0.92939387 0.93688962 0.93243754 0.95215726 0.96450165
 0.9473654  0.94623604 0.96197306 0.96193754 0.96159983 0.9732372
 0.96418679 0.97207757 0.97157925 0.97570783 0.97660719 0.97770928
 0.97795918 0.98084303 0.98800255 0.98269324 0.99677749 0.9916353
 0.99116969 0.99118906 1.01048483 1.00802302 1.01135367 1.01451999
 1.02193013 1.01331535 1.0006352  1.00141831 1.00279039 1.00104425
 0.97807578 0.97392053 0.97808519 0.9769703  0.96586094 0.96884232
 0.97188901 0.97256691 0.96693735 0.95845096 0.96029487 0.96653083
 0.97055934 0.96893447 0.96819895 0.96257122 0.96216119 0.94755812
 0.96051016 0.95984395 0.96152912 0.95737696 0.95634814 0.97515689
 0.98327054 0.99019016 0.9847175  0.99986539 0.98597842 1.00740808
 1.0146709  1.01673843 1.02041725 1.01142778 1.00305665 0.99094311
 0.99238452 0.99073839 0.98734622 0.96363906 0.96600609 0.9736341
 0.96614686 0.95293744 0.96194482 0.97115778 0.97580826 0.97315002
 0.98853823 1.00965963 1.00226923 0.99297069 1.00126987 0.99997828
 0.9967689  0.99714741 0.99136351 0.99131319 0.98106024 0.94544859
 0.94131087 0.9430684  0.93919229 0.9486954  0.95049335 0.96049766
 0.96802727 0.97358911 0.97053008 0.99629381 0.99240282 0.99708287
 1.01482125 1.01822237 1.01160142 1.00211864 0.99014435 0.98093494
 0.97802196 0.98618668 1.00496078 1.00642727 0.99480599 0.98751012
 0.99778655 0.99217672 0.99414132 0.99963161 0.98824726 0.98535354
 0.98157588 0.9751813  0.95236548 0.95380321 0.94406682 0.95363347
 0.95195849 0.95083429 0.97027782 0.9770383  0.97317591 0.95735753
 0.96760521 0.97145759 0.98265282 0.97683767 0.98716795 0.98334031
 0.97533186 0.96502817 0.95722307 0.97773931 0.99316315 0.99335323
 0.97767181 0.97511128 0.97313362 0.98012407 0.98929421 0.98837422
 0.9826093  0.96372506 0.94650143 0.94604769 0.94617491 0.94558206
 0.94386622 0.95153211 0.94287166 0.93726188 0.95186028 0.95772138
 0.97607242 0.98537932 0.99558517 0.99986331 0.99738719 0.99161537
 0.99776582 1.00958657 1.01623946 1.03158468 1.0279314  1.02301738
 1.01523542 1.02395039 1.02563007 1.02562149 1.02214566 1.0154417
 1.00383214 1.01147943 0.99559799 0.98785647 0.99104926 0.98271835
 0.97889558 0.96376586 0.95602322 0.95733727 0.94523034 0.92761479
 0.93760085 0.95688816 0.94374708 0.94253798 0.95122166 0.9607853
 0.98840579 0.98213694 0.99275121 0.98952566 0.99485006 0.98539771
 0.99585714 0.99740997 0.99213156 0.99581557 0.98427098 0.99894997
 1.00767832 1.01397878 1.00472225 0.99143008 0.98731786 0.99433865
 1.00409143 1.01066818 0.99883784 0.99352975 0.98863874 0.98335499
 0.99086919 1.00248204 1.0061192  1.00171421 0.99186773 0.98382324
 0.99065001 0.99103199 0.97677633 1.00243332 0.9990839  0.98920453
 0.98449601 0.97990048 0.97451046 0.9786919  0.97406148 0.97481596
 0.9949804  0.97854884 0.97151688 0.98337326 0.99223433 0.99736553
 0.98782934 0.99918315 1.00626426 0.99589425 0.98919066 0.99014565
 0.99660885 0.98554513 0.96540284 0.95816921 0.98604767 0.96301207
 0.96241924 0.97045136 0.97471378 0.96830256 0.98289275 0.98376196
 1.00836866 0.99782993 0.99373489 1.02640596 1.00443198 1.00455451
 0.99046413 0.98207808 0.9846192  0.9913075  0.98965198 1.01286971
 0.98327555 0.96491956 0.99012351 0.99313496 1.01707412 1.03258569
 1.01051919 1.01189968 0.99965242 0.99876792 1.02970066 1.02544558
 1.03184483 1.03524965 1.0164634  1.0222667  1.03704145 1.02053743
 1.0328426  1.03925904 1.03428398 1.03716008 1.03631377 1.02198035
 1.02671605 1.01396351 1.00279876 1.02914982 1.00966735 1.00113308
 0.98388995 0.99104652 0.98069229 0.9819347  0.9641592  0.96829281
 0.97738271 0.97003637 0.96973308 0.95952497 0.98952243 0.97992665
 0.98066072 0.98402061 1.00036341 1.00370733 1.00229648 0.99867781
 1.02564957 1.02644836 1.01697178 1.01182042 1.00910364 1.01723437
 1.01109177 1.00631756 1.01622352 1.01516076 1.00690568 1.01434322
 1.01156485 1.02634692 1.04090718 1.04169834 1.05107362 1.05845952
 1.04898267 1.04264061 1.03624457 1.02575447 1.0270933  1.00996693
 0.98227133 0.9670279  0.96710773 0.96056617 0.96141783 0.96324506
 0.96356513 0.96616549 0.95148003 0.95347101 0.97886608 0.98581025
 0.98129608 0.9767398 ]